1155 1167
584 611
566 567
1051 1070
491 517
530 531
214 232
677 704
802 803
965 986
1007 1028
735 736
1037 1056
336 337
443 471
667 695
103 122
468 469
692 693
694 721
550 575
76 88
793 794
4 346
150 169
597 624
339 352
514 539
931 932
382 390
207 226
541 542
1121 1137
53 62
754 755
166 184
573 600
152 172
665 692
685 713
882 883
466 491
104 122
619 620
748 776
529 530
306 320
801 802
802 826
36 41
1131 1132
1140 1155
813 836
426 454
525 550
855 878
108 126
384 393
954 976
719 720
45 54
1025 1045
1134 1148
325 326
513 538
96 114
84 102
581 608
544 570
780 781
219 237
255 273
148 167
1123 1138
23 399
445 473
446 473
377 387
103 104
669 697
552 579
797 820
634 662
1063 1081
911 934
876 900
164 182
182 200
1107 1123
757 785
498 523
595 596
1163 1164
874 898
836 861
638 666
571 597
80 98
540 566
171 189
1017 1018
1083 1099
827 828
528 554
765 766
1089 1105
225 243
226 227
354 355
722 723
850 851
29 345
753 754
440 467
258 275
243 262
71 83
146 166
58 68
1110 1126
559 560
747 775
644 645
422 449
888 912
119 137
1001 1002
447 475
1017 1037
547 572
638 639
785 812
819 844
964 985
811 812
225 244
1169 1170
318 332
265 283
67 76
749 750
821 822
209 227
322 335
71 72
143 144
515 516
650 651
886 887
1162 1163
1015 1035
17 404
806 830
370 380
725 753
447 448
543 544
34 39
469 494
641 642
1153 1154
37 42
404 405
958 980
226 245
923 947
985 986
55 65
441 469
209 228
688 716
235 254
861 862
754 782
649 650
193 211
194 195
690 691
1094 1111
19 20
97 98
593 594
993 994
154 155
870 871
730 759
1045 1046
470 495
185 186
709 737
232 251
251 252
379 380
734 763
865 888
187 206
1090 1106
189 190
337 349
210 229
957 958
305 319
236 255
110 111
146 147
418 419
606 607
878 879
914 915
596 623
1151 1152
193 212
780 808
912 913
1120 1121
270 287
972 973
224 243
630 657
1056 1075
9 412
248 249
1016 1017
379 388
641 668
625 653
184 203
753 781
1006 1026
668 696
817 841
549 550
714 743
1061 1062
878 903
169 170
188 207
262 279
693 721
235 236
363 364
109 128
436 464
240 241
256 257
849 872
173 174
373 374
194 213
598 625
340 353
780 807
941 942
894 918
1178 1184
263 264
586 613
521 546
208 227
668 695
542 567
523 547
101 120
232 233
1000 1001
927 950
161 179
75 88
661 689
789 817
1127 1142
4 417
478 504
65 66
961 962
600 627
690 717
487 513
236 237
788 789
460 485
373 383
219 220
623 624
93 112
995 1017
7 288
873 898
582 609
434 462
1119 1134
289 305
470 496
643 670
457 458
607 635
847 870
1142 1157
27 357
564 591
506 531
106 124
161 180
896 919
452 477
983 984
365 375
934 935
333 334
216 217
984 985
1048 1049
1062 1081
437 464
645 673
170 189
773 801
443 444
1182 1188
472 498
220 221
292 293
572 599
98 116
430 431
86 104
503 527
607 608
186 204
574 600
404 432
208 209
480 481
868 893
1129 1145
546 572
505 530
566 593
273 289
454 480
921 922
479 504
190 208
1168 1177
145 164
554 581
1035 1054
68 78
0 422
2 3
510 511
3 358
245 263
427 428
887 888
929 930
380 388
471 496
456 482
757 758
349 361
969 990
259 260
591 592
1018 1039
963 985
266 267
502 503
251 270
530 556
567 593
1067 1084
1146 1160
48 58
1022 1043
949 972
1176 1183
257 258
908 909
139 159
1039 1059
822 847
52 62
91 109
56 57
127 145
293 308
952 953
1029 1049
32 34
624 652
696 724
752 780
897 920
1143 1157
455 480
60 61
477 478
828 829
762 790
957 980
1059 1077
1086 1087
330 343
151 152
44 54
6 304
1035 1036
448 449
486 487
880 905
1023 1043
242 260
703 730
1071 1089
335 348
531 557
612 640
60 69
704 731
1078 1079
412 413
893 894
863 886
492 518
1047 1065
40 41
936 937
478 479
376 385
708 735
213 231
788 816
327 340
625 626
19 402
1159 1172
646 647
774 775
44 45
812 813
486 512
951 974
2 419
511 536
633 661
761 789
27 28
728 756
416 443
825 849
1122 1138
293 294
516 517
11 410
654 655
782 783
899 922
1030 1050
439 440
494 520
683 710
1165 1175
877 878
345 357
949 950
15 16
783 784
772 800
150 151
278 279
325 339
975 996
1014 1034
374 383
584 612
1191 1193
731 759
0 379
400 427
454 455
491 516
183 202
570 571
626 653
698 725
756 757
279 296
214 233
968 989
879 903
702 729
945 968
443 470
444 472
264 281
667 694
565 591
76 89
66 67
446 447
818 819
181 199
382 391
1107 1108
280 296
211 230
85 86
853 854
1121 1136
57 58
166 185
573 599
685 712
104 123
748 777
1083 1084
306 321
715 743
642 669
330 331
438 439
554 555
1055 1074
61 62
740 741
444 471
561 587
1042 1061
525 549
108 127
1088 1104
954 977
133 151
261 279
354 366
1134 1149
49 50
602 629
750 778
513 537
96 115
1163 1174
120 121
84 103
606 633
57 67
679 680
807 808
901 925
631 659
124 125
413 414
747 776
892 893
255 272
1137 1152
1156 1157
41 42
23 398
758 786
445 472
561 588
377 386
669 696
1001 1023
179 180
112 113
384 385
45 46
155 175
501 502
876 901
164 183
182 201
1107 1122
613 641
391 392
874 899
141 161
640 667
1142 1143
901 902
80 99
321 335
104 105
655 683
644 671
1055 1056
522 546
1096 1112
838 839
1020 1040
108 109
876 877
275 292
223 241
796 820
253 271
91 92
1100 1116
440 468
229 230
836 837
998 1020
163 181
1161 1162
347 359
846 847
903 927
267 268
131 150
405 406
888 913
939 962
447 474
175 193
88 89
964 986
796 819
265 282
342 343
714 715
822 823
1100 1115
92 93
164 165
860 861
932 933
556 582
1186 1187
50 60
383 384
80 81
390 391
634 635
340 341
820 821
489 515
403 431
547 548
37 41
958 981
797 798
923 946
410 438
55 64
1010 1011
441 468
512 513
536 561
754 783
1141 1142
895 919
131 132
295 311
423 450
519 520
618 619
197 198
966 988
1 379
1103 1119
520 521
1180 1186
524 548
1078 1095
709 736
442 469
1090 1107
512 536
287 303
363 374
1160 1172
1038 1058
871 872
1081 1098
680 707
862 885
585 586
625 652
1006 1027
1085 1102
23 24
869 894
817 840
233 251
602 603
1065 1083
589 590
662 689
38 42
790 817
936 960
280 281
693 720
986 1008
237 255
1069 1087
650 677
191 210
1021 1022
569 595
97 115
98 99
558 559
978 979
1070 1071
1119 1120
272 273
736 737
185 203
521 545
778 806
925 949
233 252
343 355
307 322
661 688
789 816
4 418
189 207
687 688
745 774
815 816
600 628
322 336
487 512
165 166
755 784
646 673
774 801
5 333
460 486
373 382
671 699
943 966
1120 1136
766 767
569 596
970 992
1164 1174
97 116
995 1016
137 155
873 897
1005 1006
289 304
112 130
185 204
240 258
607 634
611 639
81 99
981 1003
106 125
269 287
654 681
452 478
782 809
803 827
839 840
911 912
648 675
1 421
399 427
645 672
773 800
649 677
191 192
319 320
671 672
799 800
837 862
398 426
884 885
1164 1165
98 117
8 288
904 928
1095 1112
137 156
86 105
1028 1047
1139 1154
186 205
574 601
495 496
611 612
81 100
1129 1144
427 455
505 529
107 126
857 881
452 453
308 322
386 394
777 778
1075 1093
190 209
1133 1148
946 947
1168 1178
1185 1190
30 318
715 716
787 788
721 722
849 850
83 102
674 702
808 831
329 343
664 665
419 447
831 855
557 584
1070 1088
123 124
380 389
458 459
349 360
480 505
668 669
82 101
868 869
1180 1181
1058 1076
584 585
18 19
290 291
734 735
1006 1007
479 480
672 673
411 439
945 946
963 984
1168 1169
15 407
841 865
436 437
588 589
438 465
990 1012
281 282
579 607
949 971
419 420
852 876
1039 1058
1020 1021
1028 1029
1043 1063
658 686
1029 1048
1129 1130
7 415
429 457
32 35
107 108
567 568
752 781
1079 1080
273 274
957 979
464 489
762 791
1133 1134
618 646
326 340
260 277
463 464
579 580
768 795
1009 1030
474 500
555 581
242 261
1071 1088
245 264
852 875
531 556
369 379
60 70
704 732
731 760
143 163
1004 1005
1105 1121
95 113
846 870
924 948
376 386
563 589
413 441
142 162
879 880
54 64
700 728
735 764
439 467
424 451
14 408
201 202
329 330
257 275
702 703
974 975
633 660
1074 1075
1187 1191
999 1021
139 140
339 340
728 757
416 444
907 908
458 484
539 565
205 206
973 974
406 433
872 896
1152 1165
505 506
315 316
867 891
924 947
820 844
214 215
1066 1067
36 37
715 744
700 727
988 989
336 348
174 175
302 303
670 671
798 799
511 512
863 864
1023 1024
497 498
632 659
905 929
325 338
1177 1178
350 362
828 852
483 509
1014 1035
637 665
431 432
400 428
381 390
311 325
388 389
504 528
213 232
1156 1168
489 490
415 443
968 990
382 383
642 643
425 453
117 135
299 300
264 282
1015 1016
29 332
3 4
847 848
280 297
706 733
374 375
315 330
388 396
1162 1173
967 989
415 416
218 236
588 616
129 130
473 474
1088 1105
222 240
810 833
278 294
261 278
409 437
689 717
300 316
28 345
835 859
999 1000
750 779
111 130
239 258
349 350
459 485
614 641
956 957
1092 1093
393 394
639 667
57 66
609 637
901 924
723 724
741 770
631 658
192 193
320 321
465 466
105 123
358 359
688 689
215 234
766 794
533 534
816 817
588 615
801 825
1004 1025
1074 1092
1130 1145
408 409
758 787
1001 1022
174 192
565 592
451 477
622 649
109 127
883 907
155 174
300 315
162 180
181 200
1036 1055
350 351
613 640
85 103
639 640
1048 1066
141 160
640 668
71 84
400 401
608 609
718 746
881 882
1030 1031
115 134
1049 1067
460 461
316 330
596 597
940 941
321 334
891 915
105 124
655 682
1108 1109
659 687
220 238
148 168
593 621
1053 1071
522 547
667 668
818 842
1096 1113
1020 1041
37 38
772 773
666 694
42 51
22 399
133 152
227 245
910 911
1138 1139
183 184
311 312
627 628
756 784
1011 1032
1135 1150
347 358
348 360
994 1015
1049 1068
903 926
1115 1131
1015 1036
1084 1100
490 515
967 968
551 578
1106 1121
22 23
560 586
918 919
1128 1143
1040 1059
160 178
1172 1181
577 605
712 740
1008 1028
276 277
1012 1013
556 583
578 606
1036 1037
1091 1108
559 586
348 359
281 298
489 514
403 430
167 185
518 542
153 173
918 942
978 999
1072 1089
268 285
471 472
843 844
915 916
1102 1117
956 978
135 154
981 982
303 318
64 73
284 300
986 1007
770 797
383 392
536 562
296 311
540 541
723 752
996 997
1052 1053
46 56
195 213
895 918
1106 1107
295 310
528 529
800 801
432 459
1040 1041
1005 1026
312 326
1103 1118
22 400
1180 1187
409 410
524 549
962 983
1000 1021
74 86
737 766
935 936
512 537
244 262
1109 1125
463 489
51 52
819 820
680 708
128 129
401 402
532 557
880 881
245 246
1077 1078
941 964
746 774
800 824
344 356
1085 1101
898 921
5 417
135 136
869 893
1065 1082
1021 1042
38 43
1157 1158
333 346
478 503
953 975
1069 1086
769 797
721 750
596 624
121 139
249 267
1094 1095
51 61
827 851
313 327
433 461
125 143
915 939
900 924
101 102
869 870
925 948
1033 1034
574 575
43 53
617 645
745 773
467 468
11 12
266 284
953 976
809 833
149 150
277 278
496 521
1037 1038
121 140
249 268
671 698
675 703
798 822
1082 1099
313 328
1164 1175
580 608
727 755
86 87
381 382
1124 1125
112 131
240 259
611 638
886 910
900 923
687 715
546 547
981 1002
1058 1059
269 286
803 826
648 676
352 353
848 849
1184 1185
134 135
262 263
247 266
762 763
212 213
854 877
890 891
980 981
1 420
399 426
256 273
537 538
1049 1050
649 676
601 629
670 697
675 676
837 861
604 632
682 709
1053 1054
1166 1176
1045 1064
10 412
427 454
428 456
545 546
711 739
857 880
414 442
1041 1042
308 323
365 366
437 438
386 395
1075 1092
298 313
1133 1147
1185 1189
1034 1053
1179 1186
746 747
874 875
123 142
69 70
837 838
604 631
473 499
329 342
419 446
314 328
719 747
334 346
557 583
585 613
517 542
314 315
480 506
902 925
9 271
428 455
545 571
1058 1077
35 40
1054 1072
938 961
959 981
411 438
15 406
988 1009
6 319
579 606
306 307
1023 1044
558 584
501 526
730 731
858 859
87 106
929 953
1043 1062
1190 1191
457 483
610 638
114 132
761 762
7 414
541 567
742 770
283 299
429 456
571 572
663 691
298 299
464 490
562 588
814 837
284 285
529 555
509 534
977 978
24 397
260 278
738 739
866 867
1182 1183
88 106
768 796
1009 1029
590 618
972 993
1170 1179
910 934
92 110
1071 1072
913 937
143 162
290 306
147 167
1105 1120
594 622
494 519
1126 1141
99 117
745 746
980 1001
1150 1151
413 440
555 556
1067 1068
439 466
424 452
866 890
647 675
154 174
203 221
257 274
510 534
906 929
999 1020
430 457
931 955
1118 1133
539 564
538 564
389 390
872 897
1152 1166
807 831
777 805
63 64
959 960
820 845
217 235
326 327
698 699
274 290
148 149
916 917
336 349
601 602
1113 1114
252 270
0 388
221 239
632 660
760 788
850 874
905 928
324 325
605 606
1117 1118
828 853
483 508
706 707
637 664
971 972
381 389
609 610
1105 1106
614 615
922 923
1126 1127
63 73
504 529
653 654
781 782
1165 1166
1156 1169
217 236
415 442
697 698
425 452
763 764
891 892
202 203
310 311
475 500
682 683
701 702
353 365
1175 1183
712 713
431 459
840 841
1026 1046
162 163
622 623
658 659
930 931
1118 1119
1192 1193
484 509
928 929
506 507
1086 1102
308 309
716 717
760 761
802 825
967 988
218 237
291 292
1179 1180
759 787
426 453
302 318
285 286
786 814
476 501
681 682
222 241
278 295
498 499
409 436
689 716
747 748
875 876
1139 1140
930 954
0 1
1008 1009
459 484
117 118
685 686
885 886
928 952
942 964
639 666
609 636
294 310
741 769
7 8
801 824
490 491
219 238
117 136
870 894
264 265
744 745
174 193
1019 1040
451 476
196 214
772 799
20 401
577 578
635 663
634 661
286 302
162 181
553 579
998 1019
216 235
638 665
731 732
18 404
515 539
571 598
718 747
914 938
1048 1067
1135 1136
171 190
316 331
891 914
912 936
12 409
1083 1100
659 686
73 74
220 239
129 147
519 543
593 620
727 728
818 843
468 493
474 475
989 1011
77 78
728 729
987 1009
553 580
187 188
756 785
955 956
1080 1097
599 627
1186 1190
159 178
509 510
146 165
537 563
58 67
1110 1125
466 467
46 47
871 895
926 927
1084 1101
1002 1024
54 63
255 256
129 148
224 225
976 977
560 587
61 71
1056 1057
1128 1144
119 138
156 176
1040 1060
160 179
1153 1166
507 531
771 799
1141 1156
577 604
175 176
712 741
1008 1029
921 945
1112 1127
973 995
816 840
85 104
231 249
971 993
254 255
770 771
1108 1124
171 172
281 297
462 488
631 632
939 940
583 611
1138 1152
806 829
493 494
370 379
518 543
153 172
904 927
1072 1090
268 286
966 987
771 772
1103 1104
956 979
979 1001
246 247
10 11
778 779
1014 1015
1132 1147
1136 1150
144 163
934 958
648 649
591 619
829 854
64 74
134 152
262 280
284 301
323 337
159 160
90 108
716 744
1 2
769 770
296 312
442 443
1108 1123
372 373
652 653
893 917
217 218
568 569
309 324
1104 1120
94 112
355 356
374 384
432 460
858 882
1005 1025
312 327
221 222
572 573
989 990
265 266
1000 1022
434 435
839 863
74 87
737 765
276 292
663 664
64 65
209 210
337 338
944 945
230 231
998 999
397 398
418 446
152 153
633 634
244 263
1109 1124
463 488
799 823
1145 1146
1151 1165
532 558
805 829
426 427
941 963
156 157
356 357
637 638
746 775
344 357
1149 1150
199 217
456 457
552 553
1177 1184
493 519
222 223
132 150
5 416
494 495
575 601
844 868
250 268
144 145
343 356
548 573
1021 1041
1137 1138
556 557
769 796
721 749
795 796
485 511
51 60
947 969
894 917
805 806
402 430
617 618
433 460
915 938
55 56
755 756
844 867
883 884
1057 1058
775 803
523 548
621 622
693 694
739 767
352 363
477 503
43 52
955 977
617 644
323 324
527 528
809 832
496 522
675 702
783 811
405 433
705 733
800 823
434 461
198 199
966 967
1082 1083
20 21
684 711
520 544
886 911
687 714
367 368
1127 1128
922 946
616 643
256 274
461 487
190 191
462 463
562 563
601 628
285 302
621 649
692 719
834 835
812 836
200 218
1114 1130
1070 1087
597 598
825 826
204 222
546 571
711 738
453 479
74 75
182 183
842 843
367 377
573 574
950 951
1036 1056
990 1011
351 352
812 835
652 680
561 562
834 858
473 498
881 906
1144 1158
314 329
1145 1159
153 154
334 347
632 633
707 735
585 612
359 369
1028 1048
605 633
517 541
917 941
157 158
545 570
636 637
824 848
925 926
809 810
1054 1073
386 387
116 134
673 701
503 504
530 555
567 594
947 948
145 146
326 339
988 1010
1066 1084
576 602
557 558
1013 1014
652 679
176 194
678 706
238 256
511 535
863 887
558 585
1145 1160
335 336
707 708
1095 1096
1167 1168
929 952
804 828
91 110
127 146
457 482
517 518
114 133
1029 1030
1148 1161
387 395
392 393
541 566
616 617
726 754
742 771
1046 1064
589 617
660 687
1143 1158
663 690
562 589
686 714
357 368
1059 1078
529 554
620 621
509 533
149 169
24 398
299 315
88 107
14 407
487 488
859 860
972 994
1167 1177
444 445
580 581
997 998
875 899
804 827
179 197
92 111
919 943
211 212
138 156
599 600
1111 1112
1121 1122
913 936
1178 1179
147 166
1047 1066
21 22
6 415
926 950
377 378
600 601
980 1002
710 738
1032 1051
41 51
331 345
866 891
647 674
740 768
651 679
448 475
952 974
604 605
676 677
510 535
366 376
317 332
1134 1135
66 76
1170 1171
985 1007
931 954
127 128
1122 1137
96 97
369 370
6 7
482 508
902 903
84 85
428 429
564 565
1076 1077
1051 1069
807 830
1030 1049
1052 1070
777 804
411 412
1059 1060
274 291
260 261
151 171
103 121
361 362
838 862
1193 1194
694 722
398 399
626 627
1068 1085
150 170
499 500
136 154
760 789
339 351
1150 1164
207 225
455 456
899 900
940 962
776 803
63 72
466 492
965 966
73 86
1032 1033
78 90
1098 1114
765 794
1089 1090
1175 1182
353 364
524 525
1192 1194
431 458
877 902
948 970
860 884
1010 1030
1093 1110
483 484
484 510
1111 1127
636 664
70 82
254 271
1086 1103
535 561
628 655
331 332
403 404
791 792
885 910
446 474
469 470
476 502
24 25
4 333
354 365
25 397
792 793
933 957
860 883
1174 1182
498 524
942 965
28 29
484 485
636 663
594 595
994 995
1054 1055
16 17
288 289
870 895
196 215
508 532
20 402
991 1013
635 662
286 303
933 934
950 972
258 276
811 835
243 261
230 248
527 553
417 445
1143 1144
945 967
565 566
12 410
422 450
451 452
468 494
819 843
676 704
937 960
989 1010
3 419
223 242
133 134
261 262
907 931
987 1008
935 959
248 266
599 626
928 951
1080 1098
1186 1191
89 107
70 71
163 182
537 562
628 629
1140 1141
795 819
1080 1081
124 142
401 429
697 725
93 111
239 240
1007 1008
1123 1124
61 70
175 194
964 965
1084 1085
1087 1104
771 798
1141 1155
521 522
62 63
228 246
246 264
962 963
1060 1078
1078 1096
1061 1079
343 344
737 738
679 707
921 944
169 187
538 539
973 994
1112 1128
50 59
89 108
235 253
953 954
435 463
971 992
173 191
46 55
1019 1020
583 610
912 935
1116 1132
587 615
1138 1153
533 559
54 55
970 971
612 613
263 281
356 368
1096 1097
34 35
198 216
750 751
786 787
223 224
297 313
991 992
979 1000
410 437
250 251
1136 1151
144 164
180 181
948 949
1100 1101
1175 1176
1157 1170
829 853
169 188
187 205
25 26
591 618
134 153
595 623
920 943
323 336
90 109
163 164
716 745
1051 1052
826 850
1116 1131
29 30
1027 1047
893 916
309 323
94 113
242 243
370 371
17 18
289 290
785 786
2 358
110 128
276 293
207 208
975 976
816 839
1091 1092
362 363
568 594
497 523
372 381
1151 1164
799 822
598 626
1038 1057
805 828
292 308
1050 1068
705 706
833 834
887 912
304 319
268 269
586 614
1 369
550 576
1087 1103
493 518
132 151
8 413
815 839
1076 1093
250 269
987 988
548 574
690 718
1079 1097
713 714
718 719
83 84
526 552
651 652
851 852
485 510
1113 1129
218 219
346 347
292 307
678 679
717 718
806 807
974 996
1104 1119
62 72
249 250
727 756
582 610
1117 1133
59 60
775 802
1097 1114
778 805
726 727
253 254
548 549
259 277
352 364
477 502
210 211
338 339
686 687
814 815
241 242
1009 1010
1183 1188
69 82
341 354
486 511
783 810
859 883
310 324
1144 1145
405 432
705 732
47 48
943 944
732 760
132 133
520 545
900 901
1148 1149
233 234
1065 1066
126 127
894 895
1154 1155
40 49
43 44
759 760
616 644
673 674
744 772
1185 1186
237 238
309 310
1069 1070
79 97
461 486
9 253
830 854
319 333
285 301
360 370
621 648
200 219
398 425
719 748
118 119
906 907
47 57
488 513
843 867
204 223
1057 1075
983 1005
31 32
729 758
927 928
453 478
897 898
186 187
251 269
89 90
696 697
824 825
39 49
277 294
743 744
834 859
851 875
1115 1116
30 332
674 701
881 905
1144 1159
93 94
700 701
707 734
137 138
905 906
178 179
605 632
917 940
459 460
919 920
1057 1076
481 482
615 643
704 705
743 771
102 103
410 411
832 833
944 966
141 142
269 270
824 849
454 479
936 959
920 921
1112 1113
116 135
1073 1091
673 700
467 493
713 742
576 603
170 171
1024 1044
445 446
1116 1117
176 195
200 201
328 329
238 257
623 651
94 95
366 367
402 403
680 681
751 779
808 809
580 607
862 863
416 417
658 685
823 848
204 205
1148 1162
481 507
832 856
856 879
1149 1163
504 505
726 755
1046 1065
254 272
589 616
189 208
619 647
618 645
672 699
149 168
299 314
526 527
1038 1039
657 684
676 703
951 973
474 499
202 220
2 420
555 582
496 497
695 696
823 824
429 430
324 337
627 655
919 942
206 224
946 968
138 157
1155 1156
534 535
95 114
846 869
465 491
563 590
488 489
142 161
291 307
1125 1141
1032 1052
41 50
331 344
740 769
651 678
449 450
656 683
366 377
317 331
985 1006
111 112
458 483
626 654
698 726
183 201
1052 1071
867 892
100 118
118 136
1016 1036
358 369
587 588
659 660
1064 1082
1099 1100
1171 1172
702 730
422 423
151 170
725 726
1019 1039
838 863
472 473
1068 1086
136 155
570 596
829 830
350 361
211 229
502 526
140 159
16 405
414 415
311 326
95 96
940 963
776 804
464 465
544 545
1171 1181
73 85
1007 1027
642 670
1055 1073
78 91
759 788
888 889
1042 1062
765 793
551 552
882 906
602 630
877 901
948 971
1010 1031
258 259
1013 1034
1093 1109
1163 1173
1111 1126
229 247
375 376
563 564
70 83
417 418
640 641
606 634
535 560
821 846
992 1013
813 814
320 333
267 285
879 904
21 401
421 449
647 648
885 909
77 90
136 137
872 873
908 932
835 860
933 956
140 141
13 409
861 885
440 441
970 991
916 940
519 544
976 997
1074 1091
316 317
613 614
508 533
590 591
275 291
883 908
1102 1103
991 1012
1077 1095
523 524
979 980
908 931
1169 1179
432 433
950 973
661 662
789 790
811 834
121 122
691 719
230 249
856 857
527 552
362 372
417 444
984 1005
1147 1148
598 599
125 126
845 869
916 939
131 149
424 425
939 961
1042 1043
887 911
543 569
113 114
699 727
3 418
666 693
864 865
227 246
300 301
724 725
907 930
840 864
935 958
499 525
120 139
248 267
283 284
853 877
603 630
608 635
383 391
4 5
795 818
462 487
192 210
105 106
124 143
288 304
142 143
401 428
697 724
612 639
243 244
371 372
109 110
181 182
864 888
228 247
246 265
1060 1079
271 272
679 706
578 605
581 582
435 462
996 1017
653 681
781 809
587 614
533 558
592 619
664 691
826 827
167 186
371 381
244 245
918 941
263 280
198 217
272 288
385 394
701 729
297 312
227 228
615 616
764 792
342 354
549 575
839 864
1178 1185
1157 1169
442 470
332 345
848 872
595 622
920 944
50 51
322 323
363 373
436 463
165 183
826 851
168 186
195 214
1027 1046
341 342
1120 1135
808 832
862 886
313 314
7 304
172 190
884 908
42 43
810 811
228 229
796 797
1060 1061
909 933
1061 1080
1137 1151
1033 1053
110 129
662 690
65 75
338 350
122 140
305 306
568 595
497 522
650 678
372 382
191 209
892 916
126 144
1050 1069
167 168
295 296
8 271
890 914
1053 1072
355 367
380 381
1031 1051
130 148
297 298
8 414
815 838
102 120
1076 1094
307 321
435 436
364 374
5 319
1079 1096
755 783
646 674
774 802
1012 1032
1113 1128
943 965
195 196
583 584
655 656
892 915
1027 1028
827 852
993 1015
5 6
833 858
1117 1132
823 847
404 431
575 576
542 568
1097 1113
724 752
157 177
763 791
654 682
782 810
784 811
1041 1061
364 365
660 661
259 276
266 283
1101 1117
347 348
798 821
485 486
341 353
859 882
328 341
128 146
310 325
334 335
830 831
282 298
1139 1153
87 88
531 532
732 761
736 764
1043 1044
666 667
977 999
107 125
40 50
744 773
708 736
348 349
420 421
79 96
830 855
83 101
360 371
674 675
56 65
689 690
47 56
122 123
488 514
1018 1019
52 53
1190 1192
843 866
10 411
301 317
375 385
983 1004
729 757
414 441
1155 1168
35 36
749 778
803 804
720 748
961 983
764 765
438 466
114 115
277 293
10 253
851 874
620 648
692 720
752 753
768 769
201 219
629 630
205 223
775 776
615 642
944 967
106 107
1002 1003
1046 1047
453 454
8 9
776 777
959 982
1073 1090
467 492
212 230
397 425
713 741
788 815
733 762
351 363
408 435
12 13
748 749
620 647
201 220
623 650
952 975
831 856
997 1019
359 360
125 144
695 723
610 637
516 540
481 506
832 857
856 880
283 300
1149 1162
969 970
495 521
629 657
279 280
619 646
672 700
90 91
986 987
1062 1063
845 846
738 766
177 195
202 221
590 617
699 700
717 746
335 347
407 435
779 807
910 933
732 733
324 338
804 805
271 288
627 654
206 225
406 434
82 83
482 483
542 543
942 943
946 969
290 305
660 688
720 721
842 866
594 621
992 993
99 118
465 490
72 84
787 815
291 306
1125 1140
1159 1171
154 173
177 196
656 684
1158 1170
203 222
421 422
722 750
1150 1163
158 177
514 515
180 198
1022 1023
1026 1027
681 709
1092 1108
538 563
683 684
1075 1076
1152 1153
53 54
534 559
100 119
118 137
1016 1037
965 987
982 1003
677 705
346 358
327 328
399 400
1159 1160
420 448
644 672
1037 1057
522 523
758 759
178 197
850 873
597 625
49 59
514 538
513 514
570 597
954 955
116 117
389 396
706 734
502 527
729 730
16 406
857 858
53 63
1044 1063
665 693
152 171
315 329
99 100
279 295
867 868
33 35
1171 1180
36 40
733 734
1125 1126
1140 1154
813 837
9 10
156 175
855 879
384 392
203 204
275 276
882 907
810 834
225 226
353 354
560 561
45 55
282 283
742 743
1072 1073
13 14
909 910
1026 1045
1173 1174
111 129
239 257
441 442
1013 1033
614 642
581 609
507 508
821 845
992 1014
938 939
1110 1111
544 569
320 334
924 925
267 284
378 387
33 36
215 233
72 73
968 969
1064 1065
238 239
274 275
21 400
421 448
990 991
1123 1139
1130 1146
302 317
433 434
160 161
656 657
622 650
786 813
552 578
1158 1159
76 77
77 89
844 845
1068 1069
797 821
911 935
930 953
1147 1161
539 540
757 786
836 860
13 408
508 509
861 884
534 560
294 309
115 133
425 426
540 565
491 492
951 952
237 256
628 656
976 998
528 553
1089 1106
42 52
1077 1094
1169 1178
67 68
835 836
1039 1040
932 956
662 663
790 791
1174 1175
1093 1094
1011 1031
229 248
691 718
984 1006
362 373
1135 1149
18 403
515 540
994 1016
193 194
321 322
710 711
490 516
551 577
492 493
532 533
845 868
1106 1122
543 568
1017 1038
547 573
785 813
221 240
699 726
960 982
67 77
840 865
932 955
206 207
499 524
578 579
559 585
958 959
1090 1091
853 876
1091 1107
234 252
608 636
166 167
294 295
461 462
1109 1110
192 211
569 570
17 405
978 1000
725 754
469 495
470 471
507 532
586 587
694 695
476 477
1085 1086
1102 1118
226 244
135 153
286 287
205 224
1073 1074
688 715
231 250
770 798
665 666
723 751
996 1018
653 680
781 808
1094 1110
592 620
664 692
371 380
669 670
730 758
197 216
272 289
553 554
130 131
385 393
701 728
898 899
962 984
247 248
232 250
691 692
764 793
161 162
342 355
549 574
624 625
734 762
865 889
896 897
934 957
1136 1137
337 350
210 228
236 254
168 187
903 904
394 395
224 242
1056 1074
904 905
9 413
172 191
1128 1129
858 881
641 669
1124 1140
753 782
184 202
864 887
898 922
385 386
884 909
1087 1088
763 792
1132 1133
909 932
714 742
896 920
1033 1052
878 902
184 185
312 313
188 206
65 74
338 351
122 141
231 232
418 445
849 873
188 189
741 742
526 551
194 212
340 352
126 145
974 995
62 71
407 408
173 192
355 366
176 177
304 305
779 780
199 218
1031 1050
917 918
1124 1139
130 149
208 226
575 602
102 121
927 951
1154 1167
364 375
1127 1143
848 871
854 855
140 160
165 184
168 169
296 297
1012 1033
947 970
895 896
592 593
1104 1105
402 429
518 519
833 857
993 1014
172 173
852 853
356 367
1119 1135
1003 1024
643 671
1142 1156
847 871
155 156
564 590
157 176
412 440
506 530
724 753
784 812
923 924
1002 1023
1041 1060
365 376
955 978
247 265
873 874
854 878
1101 1116
14 15
1062 1080
437 465
420 447
115 116
170 188
1011 1012
670 698
472 497
328 342
128 147
682 710
572 598
282 299
199 200
643 644
2 369
736 765
1031 1032
868 892
406 407
977 998
709 710
412 439
566 592
273 290
75 87
1184 1189
922 945
298 314
479 505
1181 1187
145 165
1034 1054
1179 1185
554 580
1035 1055
1114 1129
123 141
68 77
0 421
56 66
995 996
1095 1111
28 357
1190 1193
471 497
456 481
902 926
27 368
743 772
301 316
1097 1098
375 384
31 34
969 991
35 39
749 777
75 76
147 148
367 378
535 536
720 749
1047 1048
1018 1038
213 214
1101 1102
1067 1085
536 537
48 57
361 371
1022 1042
751 780
317 318
359 370
87 105
52 61
822 846
610 611
293 309
368 378
59 69
1122 1123
32 33
784 785
624 651
696 723
897 921
455 481
6 416
814 838
376 377
212 231
1066 1083
1099 1115
397 424
733 761
39 40
351 362
408 436
44 53
871 896
361 372
677 678
1189 1190
678 705
880 904
703 731
997 1018
1170 1180
307 308
695 722
516 541
301 302
492 517
113 131
241 259
495 520
629 656
1126 1142
686 713
963 964
327 341
1034 1035
19 403
645 646
738 767
773 774
360 361
717 745
3 346
703 704
761 790
407 434
779 806
500 525
831 832
906 930
430 458
503 528
582 583
179 198
875 900
825 850
1025 1026
1118 1134
11 411
751 752
899 923
113 132
241 260
683 711
889 913
926 949
1165 1176
708 709
305 320
710 737
72 85
787 814
330 344
735 763
855 856
1189 1192
1088 1089
1158 1171
1050 1051
722 751
66 75
635 636
344 345
180 199
681 708
1092 1109
975 997
482 507